02,-.78;8.29,-.78;8.29,-.78;8.29,-.78;7.67,-.77;7.18,-.73;6.82,-.66;6.6,-.56;6.6,-.56;6.6,-.56;6.46,-.43;6.36,-.24;6.3,0;6.28,.29;6.28,5.84
2.16,10.15;3.19,9.81;3.19,9.81;3.19,9.81;3.07,9.53;2.94,9.29;2.82,9.09;2.7,8.93;4.9,8.93;4.9,8.93;4.9,8.93;4.89,7.39;4.84,6.2;4.75,5.36;4.63,4.88;4.63,4.88;4.63,4.88;4.47,4.61;4.25,4.42;3.97,4.31;3.63,4.27;3.63,4.27;3.63,4.27;3.45,4.27;3.26,4.29;3.06,4.32;2.84,4.37;2.65,5.25;2.65,5.25;2.65,5.25;2.89,5.18;3.11,5.14;3.33,5.11;3.53,5.1;3.53,5.1;3.53,5.1;3.62,5.12;3.7,5.19;3.77,5.31;3.83,5.47;3.83,5.47;3.83,5.47;3.87,5.77;3.91,6.3;3.95,7.06;3.97,8.04;1.42,8.04;1.42,3.78;5.35,3.78;5.35,3.78;5.35,3.78;5.33,2.19;5.27,.96;5.17,.08;5.03,-.44;5.03,-.44;5.03,-.44;4.83,-.74;4.54,-.96;4.18,-1.09;3.73,-1.13;3.73,-1.13;3.73,-1.13;3.54,-1.12;3.34,-1.1;3.1,-1.07;2.84,-1.03;2.65,-.1;2.65,-.1;2.65,-.1;2.93,-.14;3.19,-.17;3.42,-.19;3.63,-.2;3.63,-.2;3.63,-.2;3.81,-.17;3.96,-.1;4.08,.01;4.17,.17;4.17,.17;4.17,.17;4.24,.48;4.29,1.04;4.33,1.84;4.37,2.89;.49,2.89;.49,8.93;1.72,8.93;1.72,8.93;1.72,8.93;1.85,9.19;1.97,9.48;2.08,9.8;2.16,10.15
2.75,7.55;2.75,7.55;2.75,7.55;2.93,7.2;3.09,6.84;3.22,6.47;3.34,6.08;2.5,5.79;2.5,5.79;2.5,5.79;2.41,6.2;2.29,6.58;2.14,6.96;1.96,7.31;2.75,7.55
3.53,2.21;3.73,1.32;3.73,1.32;3.73,1.32;2.95,.95;2.12,.6;1.25,.29;.34,0;0,1.03;0,1.03;0,1.03;.96,1.31;1.86,1.59;2.72,1.89;3.53,2.21

[9e36]
4.27,5.59;5.2,5.35;5.2,5.35;5.2,5.35;5.1,5.11;5,4.89;4.9,4.69;4.81,4.51;8.88,4.51;8.88,4.51;8.88,4.51;8.86,3.83;8.81,3.29;8.73,2.91;8.61,2.67;8.61,2.67;8.61,2.67;8.44,2.53;8.2,2.43;7.89,2.37;7.5,2.35;7.5,2.35;7.5,2.35;7.37,2.36;7.22,2.38;7.05,2.41;6.87,2.45;6.67,3.24;6.67,3.24;6.67,3.24;6.88,3.17;7.07,3.13;7.25,3.1;7.41,3.09;7.41,3.09;7.41,3.09;7.54,3.1;7.65,3.11;7.74,3.15;7.8,3.19;7.8,3.19;7.8,3.19;7.84,3.26;7.87,3.38;7.89,3.56;7.9,3.78;2.4,3.78;2.4,2.16;10.25,2.16;10.25,2.16;10.25,2.16;10.23,1.12;10.18,.31;10.09,-.28;9.96,-.64;9.96,-.64;9.96,-.64;9.77,-.85;9.51,-1.01;9.18,-1.1;8.78,-1.13;8.78,-1.13;8.78,-1.13;8.62,-1.12;8.45,-1.09;8.26,-1.05;8.04,-.98;7.9,-.2;7.9,-.2;7.9,-.2;8.13,-.24;8.34,-.27;8.52,-.29;8.68,-.29;8.68,-.29;8.68,-.29;8.84,-.28;8.96,-.23;9.06,-.16;9.12,-.05;9.12,-.05;9.12,-.05;9.17,.13;9.21,.44;9.24,.87;9.27,1.42;1.42,1.42;1.42,4.51;3.87,4.51;3.87,4.51;3.87,4.51;4.03,4.86;4.14,5.15;4.22,5.4;4.27,5.59
4.81,3.68;4.81,3.68;4.81,3.68;5.01,3.41;5.17,3.13;5.3,2.84;5.4,2.55;4.56,2.31;4.56,2.31;4.56,2.31;4.45,2.59;4.32,2.87;4.16,3.13;3.97,3.38;4.81,3.68
.15,.69;7.5,.69;7.5,-.05;.15,-.05;.15,.69
9.32,9.37;10.1,9.07;10.1,9.07;10.1,9.07;9.44,8.49;8.75,7.97;8.06,7.51;7.36,7.11;7.36,7.11;7.36,7.11;8.12,7.21;8.85,7.32;9.55,7.43;10.2,7.55;10.45,6.82;10.45,6.82;10.45,6.82;9.36,6.63;8.22,6.47;7.01,6.34;5.74,6.23;5.49,6.96;5.49,6.96;5.49,6.96;5.93,7.15;6.35,7.34;6.76,7.56;7.16,7.8;7.16,7.8;7.16,7.8;6.77,7.75;6.36,7.71;5.96,7.68;5.54,7.65;5.4,8.34;5.4,8.34;5.4,8.34;6.05,8.73;6.63,9.18;7.15,9.69;7.6,10.25;8.39,10.01;8.39,10.01;8.39,10.01;8.03,9.52;7.64,9.1;7.22,8.74;6.77,8.44;6.77,8.44;6.77,8.44;7.17,8.44;7.55,8.46;7.91,8.49;8.24,8.53;8.24,8.53;8.24,8.53;8.51,8.73;8.78,8.94;9.05,9.15;9.32,9.37
4.27,9.22;5.05,8.93;5.05,8.93;5.05,8.93;4.3,8.32;3.58,7.81;2.88,7.41;2.21,7.11;2.21,7.11;2.21,7.11;2.95,7.17;3.65,7.23;4.32,7.31;4.95,7.41;5.2,6.67;5.2,6.67;5.2,6.67;4.14,6.53;3.03,6.41;1.86,6.31;.64,6.23;.39,6.96;.39,6.96;.39,6.96;.88,7.17;1.35,7.38;1.81,7.61;2.26,7.85;2.26,7.85;2.26,7.85;1.81,7.8;1.36,7.76;.9,7.73;.44,7.7;.29,8.39;.29,8.39;.29,8.39;.97,8.76;1.58,9.18;2.12,9.67;2.6,10.2;3.38,9.96;3.38,9.96;3.38,9.96;3.04,9.51;2.65,9.11;2.21,8.75;1.72,8.44;1.72,8.44;1.72,8.44;2.17,8.46;2.6,8.5;3,8.54;3.38,8.58;3.38,8.58;3.38,8.58;3.6,8.73;3.83,8.89;4.05,9.05;4.27,9.22
0,5.89;10.59,5.89;10.59,5.1;0,5.1;0,5.89

[9e37]
3.97,5.44;5,5.1;5,5.1;5,5.1;4.95,5;4.88,4.89;4.8,4.78;4.71,4.66;8.73,4.66;8.73,4.66;8.73,4.66;8.71,3.91;8.65,3.32;8.55,2.89;8.41,2.62;8.41,2.62;8.41,2.62;8.21,2.46;7.91,2.35;7.53,2.28;7.06,2.26;7.06,2.26;7.06,2.26;6.93,2.26;6.78,2.28;6.61,2.31;6.43,2.35;6.28,3.14;6.28,3.14;6.28,3.14;6.47,3.1;6.65,3.07;6.81,3.05;6.96,3.04;6.96,3.04;6.96,3.04;7.17,3.05;7.33,3.08;7.45,3.12;7.53,3.19;7.53,3.19;7.53,3.19;7.59,3.29;7.65,3.43;7.7,3.63;7.75,3.87;2.7,3.87;2.7,2.06;10.35,2.06;10.35,2.06;10.35,2.06;10.33,1.04;10.27,.25;10.17,-.32;10.03,-.66;10.03,-.66;10.03,-.66;9.83,-.87;9.53,-1.01;9.15,-1.1;8.68,-1.13;8.68,-1.13;8.68,-1.13;8.45,-1.12;8.2,-1.12;7.94,-1.1;7.65,-1.08;7.5,-.29;7.5,-.29;7.5,-.29;7.81,-.32;8.1,-.33;8.38,-.34;8.63,-.34;8.63,-.34;8.63,-.34;8.81,-.33;8.96,-.29;9.07,-.23;9.15,-.15;9.15,-.15;9.15,-.15;9.21,.02;9.26,.31;9.32,.73;9.37,1.28;1.72,1.28;1.72,4.66;3.73,4.66;3.73,4.66;3.73,4.66;3.83,4.97;3.91,5.2;3.96,5.36;3.97,5.44
4.76,3.68;4.76,3.68;4.76,3.68;4.97,3.43;5.15,3.18;5.31,2.92;5.44,2.65;4.51,2.35;4.51,2.35;4.51,2.35;4.38,2.62;4.23,2.88;4.06,3.14;3.87,3.38;4.76,3.68
0,.78;7.7,.78;7.7,0;0,0;0,.78
.2,9.07;2.06,9.07;2.06,10.15;2.94,10.15;2.94,9.07;4.37,9.07;4.37,8.24;2.94,8.24;2.94,7.65;4.12,7.95;4.27,7.21;4.27,7.21;4.27,7.21;3.95,7.11;3.62,7.03;3.28,6.94;2.94,6.87;2.94,6.08;2.94,6.08;2.94,6.08;2.93,5.81;2.88,5.58;2.8,5.39;2.7,5.25;2.7,5.25;2.7,5.25;2.55,5.14;2.34,5.06;2.08,5.02;1.77,5;1.77,5;1.77,5;1.47,5.01;1.19,5.04;.91,5.09;.64,5.15;.44,5.98;.44,5.98;.44,5.98;.74,5.92;1.03,5.87;1.32,5.85;1.62,5.84;1.62,5.84;1.62,5.84;1.81,5.87;1.95,5.96;2.03,6.11;2.06,6.33;2.06,6.62;.29,6.28;0,7.11;2.06,7.5;2.06,8.24;.2,8.24;.2,9.07
6.38,10.15;7.26,10.15;7.26,9.02;9.32,9.02;9.32,6.72;9.32,6.72;9.32,6.72;9.33,6.51;9.36,6.33;9.42,6.18;9.49,6.06;9.49,6.06;9.49,6.06;9.58,5.96;9.69,5.89;9.82,5.85;9.96,5.84;9.96,5.84;9.96,5.84;10.14,5.9;10.29,6.08;10.41,6.39;10.5,6.82;11.28,6.62;11.28,6.62;11.28,6.62;11.2,6.17;11.1,5.8;10.98,5.51;10.84,5.3;10.84,5.3;10.84,5.3;10.67,5.15;10.47,5.04;10.23,4.98;9.96,4.95;9.96,4.95;9.96,4.95;9.59,4.98;9.29,5.05;9.04,5.16;8.85,5.32;8.85,5.32;8.85,5.32;8.71,5.55;8.6,5.85;8.53,6.25;8.49,6.72;8.49,8.19;7.21,8.19;7.21,8.19;7.21,8.19;7.17,7.81;7.1,7.46;7,7.12;6.87,6.82;6.87,6.82;6.87,6.82;7.16,6.62;7.44,6.41;7.72,6.2;7.99,5.98;7.36,5.3;7.36,5.3;7.36,5.3;7.13,5.49;6.9,5.68;6.67,5.86;6.43,6.03;6.43,6.03;6.43,6.03;6.19,5.77;5.91,5.53;5.6,5.31;5.25,5.1;4.61,5.74;4.61,5.74;4.61,5.74;4.94,5.92;5.22,6.12;5.47,6.34;5.69,6.57;5.69,6.57;5.69,6.57;5.42,6.74;5.15,6.9;4.88,7.06;4.61,7.21;5.1,7.85;5.1,7.85;5.1,7.85;5.36,7.72;5.62,7.59;5.85,7.45;6.08,7.31;6.08,7.31;6.08,7.31;6.15,7.51;6.22,7.72;6.27,7.95;6.33,8.19;4.81,8.19;4.81,9.02;6.38,9.02;6.38,10.15

[9e38]
7.55,10.15;8.53,9.86;8.53,9.86;8.53,9.86;8.43,9.62;8.33,9.38;8.21,9.15;8.09,8.93;10.54,8.93;10.54,8.93;10.54,8.93;10.53,7.4;10.47,6.22;10.37,5.38;10.23,4.88;10.23,4.88;10.23,4.88;10.03,4.59;9.77,4.38;9.43,4.26;9.02,4.22;9.02,4.22;9.02,4.22;8.87,4.23;8.71,4.25;8.53,4.3;8.34,4.37;8.19,5.25;8.19,5.25;8.19,5.25;8.4,5.18;8.6,5.14;8.77,5.11;8.93,5.1;8.93,5.1;8.93,5.1;9.06,5.12;9.18,5.19;9.29,5.29;9.37,5.44;9.37,5.44;9.37,5.44;9.44,5.74;9.49,6.27;9.53,7.04;9.56,8.04;6.87,8.04;6.87,3.78;11.04,3.78;11.04,3.78;11.04,3.78;11.01,2.19;10.95,.96;10.84,.09;10.69,-.42;10.69,-.42;10.69,-.42;10.48,-.71;10.18,-.91;9.79,-1.04;9.32,-1.08;9.32,-1.08;9.32,-1.08;9.09,-1.08;8.84,-1.07;8.57,-1.05;8.29,-1.03;8.09,-.1;8.09,-.1;8.09,-.1;8.4,-.12;8.69,-.13;8.97,-.14;9.22,-.15;9.22,-.15;9.22,-.15;9.44,-.12;9.63,-.04;9.76,.1;9.86,.29;9.86,.29;9.86,.29;9.93,.62;9.98,1.16;10.02,1.92;10.05,2.89;5.93,2.89;5.93,8.93;7.06,8.93;7.55,10.15
8.09,7.5;8.09,7.5;8.09,7.5;8.35,7.23;8.58,6.93;8.79,6.61;8.98,6.28;8.24,5.89;8.24,5.89;8.24,5.89;8.07,6.18;7.87,6.47;7.63,6.77;7.36,7.06;8.09,7.5
5.44,1.62;9.22,1.62;9.22,.74;5.44,.74;5.44,1.62
0,9.66;5.44,9.66;5.44,8.73;3.09,8.73;3.09,8.73;3.09,8.73;3.01,8.25;2.93,7.77;2.84,7.31;2.75,6.87;5.3,6.87;5.3,-.05;5.3,-.05;5.3,-.05;5.28,-.3;5.23,-.51;5.15,-.69;5.03,-.83;5.03,-.83;5.03,-.83;4.88,-.94;4.69,-1.02;4.47,-1.06;4.22,-1.08;4.22,-1.08;4.22,-1.08;4.06,-1.07;3.9,-1.05;3.72,-1.02;3.53,-.98;3.34,-.2;3.34,-.2;3.34,-.2;3.61,-.22;3.84,-.23;4.02,-.24;4.17,-.25;4.17,-.25;4.17,-.25;4.28,-.22;4.35,-.15;4.4,-.02;4.41,.15;4.41,5.98;3.83,5.98;3.83,.15;2.99,.15;2.99,5.98;2.45,5.98;2.45,.15;1.62,.15;1.62,5.98;1.03,5.98;1.03,-1.03;.15,-1.03;.15,6.87;1.77,6.87;1.77,6.87;1.77,6.87;1.86,7.31;1.95,7.77;2.03,8.25;2.11,8.73;0,8.73;0,9.66

[9e39]
7.01,10.15;7.99,9.81;7.99,9.81;7.99,9.81;7.91,9.57;7.82,9.34;7.72,9.13;7.6,8.93;10.25,8.93;10.25,8.93;10.25,8.93;10.23,7.41;10.18,6.24;10.1,5.41;9.98,4.93;9.98,4.93;9.98,4.93;9.82,4.66;9.59,4.47;9.31,4.35;8.98,4.32;8.98,4.32;8.98,4.32;8.77,4.32;8.56,4.33;8.33,4.34;8.09,4.37;7.95,5.25;7.95,5.25;7.95,5.25;8.2,5.21;8.44,5.17;8.64,5.16;8.83,5.15;8.83,5.15;8.83,5.15;8.94,5.17;9.04,5.24;9.11,5.34;9.17,5.49;9.17,5.49;9.17,5.49;9.22,5.78;9.26,6.3;9.29,7.06;9.32,8.04;6.38,8.04;6.38,3.78;11.04,3.78;11.04,3.78;11.04,3.78;11.02,2.17;10.96,.93;10.86,.05;10.72,-.47;10.72,-.47;10.72,-.47;10.52,-.76;10.26,-.96;9.92,-1.09;9.51,-1.13;9.51,-1.13;9.51,-1.13;9.21,-1.12;8.87,-1.1;8.49,-1.07;8.09,-1.03;7.9,-.1;7.9,-.1;7.9,-.1;8.32,-.14;8.72,-.17;9.08,-.19;9.42,-.2;9.42,-.2;9.42,-.2;9.55,-.17;9.67,-.11;9.76,0;9.83,.15;9.83,.15;9.83,.15;9.89,.45;9.95,1.01;10,1.82;10.05,2.89;5.44,2.89;5.44,8.93;6.57,8.93;6.57,8.93;6.57,8.93;6.71,9.24;6.83,9.55;6.93,9.86;7.01,10.15
7.6,7.6;7.6,7.6;7.6,7.6;7.88,7.28;8.12,6.94;8.32,6.59;8.49,6.23;7.75,5.79;7.75,5.79;7.75,5.79;7.57,6.15;7.37,6.5;7.15,6.84;6.92,7.16;7.6,7.6
5.25,1.62;9.37,1.62;9.37,.74;5.25,.74;5.25,1.62
4.51,9.96;4.95,9.12;4.95,9.12;4.95,9.12;4.48,9.03;4,8.94;3.5,8.86;2.99,8.78;2.99,6.92;5,6.92;5,5.98;2.99,5.98;2.99,3.97;4.66,3.97;4.66,-1.08;3.68,-1.08;3.68,-.29;1.37,-.29;1.37,-1.13;.39,-1.13;.39,3.97;2.01,3.97;2.01,5.98;0,5.98;0,6.92;2.01,6.92;2.01,8.63;.39,8.44;.05,9.37;.05,9.37;.05,9.37;1.23,9.48;2.37,9.61;3.46,9.77;4.51,9.96
1.37,.59;3.68,.59;3.68,3.04;1.37,3.04;1.37,.59

[9e3a]
9.86,8.04;7.9,8.04;7.9,3.73;11.28,3.73;11.28,3.73;11.28,3.73;11.26,2.14;11.21,.91;11.12,.04;10.99,-.47;10.99,-.47;10.99,-.47;10.8,-.76;10.54,-.96;10.21,-1.09;9.81,-1.13;9.81,-1.13;9.81,-1.13;9.63,-1.12;9.43,-1.1;9.21,-1.07;8.98,-1.03;8.88,-.2;8.88,-.2;8.88,-.2;9.13,-.24;9.37,-.27;9.58,-.29;9.76,-.29;9.76,-.29;9.76,-.29;9.92,-.27;10.04,-.2;10.14,-.07;10.2,.1;10.2,.1;10.2,.1;10.31,.62;10.39,1.25;10.43,1.99;10.45,2.84;6.96,2.84;6.96,8.93;7.9,8.93;8.19,10.15;9.12,9.86;9.12,9.86;9.12,9.86;9.04,9.62;8.95,9.38;8.85,9.15;8.73,8.93;10.79,8.93;10.79,8.93;10.79,8.93;10.77,7.38;10.73,6.19;10.65,5.34;10.54,4.83;10.54,4.83;10.54,4.83;10.39,4.54;10.16,4.33;9.87,4.21;9.51,4.17;9.51,4.17;9.51,4.17;9.39,4.18;9.25,4.19;9.09,4.22;8.93,4.27;8.78,5.1;8.78,5.1;8.78,5.1;8.95,5.06;9.11,5.03;9.27,5.01;9.42,5;9.42,5;9.42,5;9.51,5.02;9.59,5.09;9.66,5.2;9.71,5.35;9.71,5.35;9.71,5.35;9.76,5.7;9.8,6.27;9.83,7.05;9.86,8.04
9.02,7.36;9.02,7.36;9.02,7.36;9.14,7.03;9.23,6.69;9.31,6.35;9.37,5.98;8.58,5.74;8.58,5.74;8.58,5.74;8.52,6.1;8.45,6.45;8.35,6.79;8.24,7.11;9.02,7.36
6.82,1.57;9.81,1.57;9.81,.74;6.82,.74;6.82,1.57
2.06,10.15;2.99,9.86;2.99,9.86;2.99,9.86;2.81,9.17;2.6,8.5;2.37,7.83;2.11,7.16;2.11,-1.13;1.18,-1.13;1.18,5.15;.49,4.02;0,5;0,5;0,5;.66,6.24;1.23,7.52;1.69,8.82;2.06,10.15
2.94,7.75;4.32,7.75;4.32,10.01;5.2,10.01;5.2,7.75;6.57,7.75;6.57,6.92;5.2,6.92;5.2,6.28;5.2,6.28;5.2,6.28;5.67,5.65;6.12,5.03;6.53,4.42;6.92,3.83;6.28,2.94;6.28,2.94;6.28,2.94;6.01,3.52;5.74,4.06;5.47,4.57;5.2,5.05;5.2,-1.08;4.32,-1.08;4.32,4.27;4.32,4.27;4.32,4.27;4.02,3.27;3.72,2.38;3.41,1.6;3.09,.93;2.4,1.72;2.4,1.72;2.4,1.72;2.96,2.83;3.43,4.07;3.84,5.43;4.17,6.92;2.94,6.92;2.94,7.75

[9e3b]
1.58,10.13;2.32,9.84;2.32,9.84;2.32,9.84;1.99,8.79;1.6,7.85;1.14,7.03;.61,6.31;.07,7;.07,7;.07,7;.51,7.67;.91,8.42;1.27,9.24;1.58,10.13
1.04,3.61;1.04,3.61;1.04,3.61;.87,3.4;.72,3.22;.58,3.06;.46,2.92;0,3.71;0,3.71;0,3.71;.64,4.54;1.2,5.41;1.68,6.33;2.08,7.29;2.7,6.85;2.7,6.85;2.7,6.85;2.53,6.33;2.33,5.82;2.09,5.3;1.81,4.79;1.81,-1.1;1.04,-1.1;1.04,3.61
3.15,9.37;5.78,9.37;5.78,8.45;3.15,8.45;3.15,9.37
2.8,6.22;6.12,6.22;6.12,5.3;5.05,5.3;5.05,.12;5.05,.12;5.05,.12;5.04,-.2;4.99,-.46;4.92,-.67;4.82,-.83;4.82,-.83;4.82,-.83;4.68,-.95;4.48,-1.03;4.22,-1.08;3.91,-1.1;3.91,-1.1;3.91,-1.1;3.72,-1.09;3.54,-1.09;3.38,-1.07;3.22,-1.05;3.07,-.08;3.07,-.08;3.07,-.08;3.28,-.12;3.49,-.15;3.7,-.17;3.91,-.18;3.91,-.18;3.91,-.18;4.07,-.15;4.19,-.06;4.26,.09;4.29,.31;4.29,5.3;2.8,5.3;2.8,6.22
7.86,10.15;8.84,9.86;8.84,9.86;8.84,9.86;8.74,9.62;8.63,9.38;8.52,9.15;8.4,8.93;10.85,8.93;10.85,8.93"Hệ thống"

03020300="Máy tính"
03020301="Mạng"

03020400="Thêm"
03020401="Giải nén"
03020402="Kiểm tra"

03020420="Sao chép"
03020421="Di chuyển"
03020422="Xoá"
03020423="Thông tin"

03020500="Chia nhỏ tập tin"
03020501="&Chia nhỏ thành:"
03020510="Đang chia nhỏ..."
03020520="Xác nhận việc chia nhỏ"
03020521="Bạn có chắc là muốn chia nhỏ tập tin nén thành {0} phần?"
03020522="Kích cỡ phần chia phải nhỏ hơn tập tin gốc à nha!"

03020600="Nối tập tin"
03020601="&Nối thành:"
03020610="Đang nối..."
03020620="Chỉ chọn tập tin đầu thôi"

03020710="Đang tính checksum..."
03020720="Thông tin checksum"
03020721="CRC checksum cho dữ liệu:"
03020722="CRC checksum cho dữ liệu và tên:"

03020800="Đang quét..."

; Computer
03031100="Tổng kích thước"
03031101="Kích thước trống"
03031102="Kích thước cluster"
03031103="Nhãn"

; Network
03031200="Tên cục bộ"
03031201="Nhà cung cấp"

; Benchmark Dialog

03080000="Đo tốc độ"
03080001="Bộ nhớ sử dụng:"
03080002="Nén"
03080003="Giải nén"
03080004="Tốc độ"
03080005="Đánh giá"
03080006="Tổng đánh giá"
03080007="Hiện thời"
03080008="Kết quả"
03080009="Đã qua:"
0308000A="Lỗi:"
0308000B="Mức dùng CPU"
0308000C="Tốc độ / Mức dùng"

;!@LangEnd@!
